352850948 416 160
352855044 416 160
352859140 416 160
352863236 416 160
352867332 416 160
352871428 416 160
352875524 416 160
352879620 416 160
352883716 416 160
352887812 416 160
352891908 416 160
352896004 416 160
352900100 416 160
352904196 416 160
352908292 416 160
352912388 416 160
352916484 416 160
352920580 416 160
352924676 416 160
352928772 416 160
352932868 416 160
352936964 416 160
352941060 416 160
352945156 416 160
352949252 416 160
352953348 416 160
352957444 416 160
352961540 416 160
352965636 416 160
352969732 416 160
352973828 416 160
352977924 416 160
352982020 416 160
352986116 416 160
352990212 416 160
352994308 416 160
352998404 416 160
353002500 416 160
353006596 416 160
353010692 416 160
353014788 416 160
353018884 416 160
353022980 416 160
353027076 416 160
353031172 416 160
353035268 416 160
353039364 416 160
353043460 416 160
353047556 416 160
353051652 416 160
353055748 416 160
353059844 416 160
353063940 416 160
353068036 416 160
353072132 416 160
353076228 416 160
352851972 416 160
352856068 416 160
352860164 416 160
352864260 416 160
352868356 416 160
352872452 416 160
352876548 416 160
352880644 416 160
352884740 416 160
352888836 416 160
352892932 416 160
352897028 416 160
352901124 416 160
352905220 416 160
352909316 416 160
352913412 416 160
352917508 416 160
352921604 416 160
352925700 416 160
352929796 416 160
352933892 416 160
352937988 416 160
352942084 416 160
352946180 416 160
352950276 416 160
352954372 416 160
352958468 416 160
352962564 416 160
352966660 416 160
352970756 416 160
352974852 416 160
352978948 416 160
352983044 416 160
352987140 416 160
352991236 416 160
352995332 416 160
352999428 416 160
353003524 416 160
353007620 416 160
353011716 416 160
353015812 416 160
353019908 416 160
353024004 416 160
353028100 416 160
353032196 416 160
353036292 416 160
353040388 416 160
353044484 416 160
353048580 416 160
353052676 416 160
353056772 416 160
353060868 416 160
353064964 416 160
353069060 416 160
353073156 416 160
353077252 416 160
